name,include_only_air_not_x,all_A,all_J,all_E,all_N,incl_A,incl_J,incl_E,incl_N,flag_over_10
bakersfield_2024-12-02,25,29.4,9.8,43.1,17.6,44.0,16.0,28.0,12.0,A;E
bakersfield_2024-12-02_comparison,25,29.4,9.8,43.1,17.6,44.0,16.0,28.0,12.0,A;E
detroit_2026-07-13,199,56.6,35.7,2.0,5.7,57.8,37.2,1.0,4.0,
eugene_2020-09-07,774,44.7,49.7,1.5,4.1,43.1,52.8,0.7,3.4,
eugene_2026-08-03_comparison,193,37.1,51.9,3.3,7.6,35.2,53.4,3.6,7.8,
fairbanks_2022-06-27,32,37.1,48.6,0.0,14.3,40.6,46.9,0.0,12.5,
fresno_2020-08-17,31,61.1,19.4,13.9,5.6,58.1,19.4,16.1,6.5,
indianapolis_2023-06-26,74,65.6,23.7,1.1,9.7,64.9,24.3,0.0,10.8,
pittsburgh_2026-07-13,717,48.0,37.6,3.3,11.1,48.7,38.2,2.0,11.2,
sanjose_2020-08-17,236,44.8,48.3,2.1,4.9,39.8,52.1,2.5,5.5,
seattle_2020-09-07,746,37.7,50.3,4.8,7.2,37.4,50.3,5.0,7.3,
